Rho	U	E	P
1	0	2.5	1
1	-4.70883e-16	2.5	1
1	-2.92951e-16	2.5	1
1	9.14084e-17	2.5	1
1	-2.67712e-16	2.5	1
1	5.62439e-16	2.5	1
1	-1.17166e-16	2.5	1
1	-8.14164e-17	2.5	1
1	9.91799e-18	2.5	1
1	-1.73195e-16	2.5	1
1	1.46845e-16	2.5	1
1	-1.03399e-16	2.5	1
1	2.28706e-17	2.5	1
1	1.14649e-16	2.5	1
1	1.09912e-16	2.5	1
1	-4.19368e-16	2.5	1
1	1.97324e-16	2.5	1
1	-2.57128e-16	2.5	1
1	4.40536e-16	2.5	1
1	-1.13317e-16	2.5	1
1	-7.69014e-17	2.5	1
1	-4.91459e-17	2.5	1
1	5.89899e-17	2.5	1
1	1.04879e-16	2.5	1
1	-3.68076e-16	2.5	1
1	5.27578e-16	2.5	1
1	1.82817e-16	2.5	1
1	-2.90138e-16	2.5	1
1	3.41875e-16	2.5	1
1	-1.09616e-16	2.5	1
1	-5.63993e-17	2.5	1
1	4.93679e-17	2.5	1
1	-2.25745e-17	2.5	1
1	-3.56752e-17	2.5	1
1	7.4755e-17	2.5	1
1	-8.70415e-17	2.5	1
1	-3.84877e-17	2.5	1
1	9.83658e-17	2.5	1
1	-7.11283e-17	2.5	1
1	-9.37028e-17	2.5	1
1	2.66231e-16	2.5	1
1	-8.58128e-16	2.5	1
1	2.04266e-15	2.5	1
1	-4.23446e-15	2.5	1
1	8.18375e-15	2.5	1
1	-1.50726e-14	2.5	1
1	2.57148e-14	2.5	1
1	-4.39955e-14	2.5	1
1	7.38825e-14	2.5	1
1	-1.22539e-13	2.5	1
1	2.02685e-13	2.5	1
1	-3.32589e-13	2.5	1
1	5.4171e-13	2.5	1
1	-8.76414e-13	2.5	1
1	1.40905e-12	2.5	1
1	-2.25106e-12	2.5	1
1	3.57008e-12	2.5	1
1	-5.62242e-12	2.5	1
1	8.7876e-12	2.5	1
1	-1.36245e-11	2.5	1
1	2.09503e-11	2.5	1
1	-3.19347e-11	2.5	1
1	4.82289e-11	2.5	1
1	-7.21308e-11	2.5	1
1	1.06771e-10	2.5	1
1	-1.56324e-10	2.5	1
1	2.26222e-10	2.5	1
1	-3.23327e-10	2.5	1
1	4.56002e-10	2.5	1
1	-6.33978e-10	2.5	1
1	8.67905e-10	2.5	1
1	-1.16841e-09	2.5	1
1	1.54452e-09	2.5	1
1	-2.00126e-09	2.5	1
1	2.53651e-09	2.5	1
1	-3.13717e-09	2.5	1
1	3.77517e-09	2.5	1
1	-4.4043e-09	2.5	1
1	4.95887e-09	2.5	1
1	-5.35578e-09	2.5	1
1	5.50232e-09	2.5	1
1	-5.31833e-09	2.5	1
1	4.79986e-09	2.5	1
1	-4.1833e-09	2.5	1
1	4.21316e-09	2.5	1
1	-5.89626e-09	2.5	1
1	6.59851e-09	2.5	1
1	1.44611e-08	2.5	1
1	-1.44715e-07	2.5	1
0.999999	1.24941e-06	2.5	0.999999
0.99999	1.14137e-05	2.49997	0.999986
0.999921	0.000100602	2.49971	0.999883
0.999398	0.000746972	2.49781	0.999125
0.996112	0.00471782	2.48615	0.994458
0.97784	0.0267914	2.42243	0.968831
0.910915	0.110338	2.19726	0.876686
0.802746	0.255557	1.8611	0.733956
0.686368	0.427015	1.54151	0.591572
0.58996	0.600023	1.29033	0.47365
0.500534	0.766132	1.09158	0.377875
0.436258	0.900369	0.962479	0.31426
0.421111	0.946425	0.924919	0.294528
0.407068	0.93972	0.928421	0.299474
0.342019	0.912618	0.907533	0.306041
0.28232	0.93464	0.88713	0.305528
0.257115	0.93316	0.887612	0.310266
0.23469	0.856165	0.765764	0.271899
0.154209	0.255642	0.343556	0.135407
0.126326	0.0139639	0.254459	0.101779
0.125093	0.000837834	0.250265	0.100106
0.125005	4.44083e-05	0.250015	0.100006
0.125	2.27879e-06	0.250001	0.1
0.125	-7.07363e-07	0.25	0.0999999
0.125	2.42245e-07	0.25	0.1
0.125	-8.93462e-08	0.25	0.1
0.125	5.61364e-08	0.25	0.1
0.125	-5.95423e-08	0.25	0.1
0.125	6.72468e-08	0.25	0.1
0.125	-7.02739e-08	0.25	0.1
0.125	6.79579e-08	0.25	0.1
0.125	-6.18515e-08	0.25	0.1
0.125	5.36918e-08	0.25	0.1
0.125	-4.48558e-08	0.25	0.1
0.125	3.62866e-08	0.25	0.1
0.125	-2.85494e-08	0.25	0.1
0.125	2.19184e-08	0.25	0.1
0.125	-1.64634e-08	0.25	0.1
0.125	1.21242e-08	0.25	0.1
0.125	-8.76964e-09	0.25	0.1
0.125	6.23969e-09	0.25	0.1
0.125	-4.37281e-09	0.25	0.1
0.125	3.02179e-09	0.25	0.1
0.125	-2.06112e-09	0.25	0.1
0.125	1.38886e-09	0.25	0.1
0.125	-9.25264e-10	0.25	0.1
0.125	6.09854e-10	0.25	0.1
0.125	-3.97933e-10	0.25	0.1
0.125	2.57195e-10	0.25	0.1
0.125	-1.64743e-10	0.25	0.1
0.125	1.04628e-10	0.25	0.1
0.125	-6.59121e-11	0.25	0.1
0.125	4.12032e-11	0.25	0.1
0.125	-2.55684e-11	0.25	0.1
0.125	1.57561e-11	0.25	0.1
0.125	-9.64366e-12	0.25	0.1
0.125	5.86448e-12	0.25	0.1
0.125	-3.54508e-12	0.25	0.1
0.125	2.12938e-12	0.25	0.1
0.125	-1.27187e-12	0.25	0.1
0.125	7.55879e-13	0.25	0.1
0.125	-4.46519e-13	0.25	0.1
0.125	2.62911e-13	0.25	0.1
0.125	-1.54653e-13	0.25	0.1
0.125	9.03423e-14	0.25	0.1
0.125	-5.14854e-14	0.25	0.1
0.125	2.93289e-14	0.25	0.1
0.125	-1.69362e-14	0.25	0.1
0.125	9.09191e-15	0.25	0.1
0.125	-5.1333e-15	0.25	0.1
0.125	2.70732e-15	0.25	0.1
0.125	-1.06337e-15	0.25	0.1
0.125	2.03319e-16	0.25	0.1
0.125	-6.72795e-17	0.25	0.1
0.125	-2.26041e-16	0.25	0.1
0.125	5.65992e-16	0.25	0.1
0.125	-6.80863e-16	0.25	0.1
0.125	7.24532e-16	0.25	0.1
0.125	-6.58806e-16	0.25	0.1
0.125	6.79679e-16	0.25	0.1
0.125	-5.91527e-16	0.25	0.1
0.125	2.96652e-16	0.25	0.1
0.125	-5.3868e-16	0.25	0.1
0.125	7.24458e-16	0.25	0.1
0.125	-4.23143e-16	0.25	0.1
0.125	-3.52533e-16	0.25	0.1
0.125	6.50073e-16	0.25	0.1
0.125	-3.2796e-16	0.25	0.1
0.125	9.59233e-17	0.25	0.1
0.125	-4.14113e-16	0.25	0.1
0.125	4.87536e-16	0.25	0.1
0.125	-3.56752e-16	0.25	0.1
0.125	1.20422e-16	0.25	0.1
0.125	2.63271e-16	0.25	0.1
0.125	-9.69595e-17	0.25	0.1
0.125	1.56467e-16	0.25	0.1
0.125	-9.10383e-17	0.25	0.1
0.125	-9.54052e-17	0.25	0.1
0.125	-4.61039e-16	0.25	0.1
0.125	6.09957e-16	0.25	0.1
0.125	-2.21675e-16	0.25	0.1
0.125	-8.9558e-18	0.25	0.1
0.125	1.5706e-16	0.25	0.1
0.125	-4.23365e-17	0.25	0.1
0.125	-4.59632e-16	0.25	0.1
0.125	8.35554e-16	0.25	0.1
0.125	-7.77526e-16	0.25	0.1
0.125	5.26172e-16	0.25	0.1
0.125	-9.3614e-16	0.25	0.1
0.125	0	0.25	0.1
0.125	0	0.25	0.1
0.125	0	0.25	0.1
