Rho	U	E	P
1	0	2.5	1
1	-3.81103e-16	2.5	1
1	-2.92803e-16	2.5	1
1	-1.53433e-16	2.5	1
1	-2.52835e-16	2.5	1
1	4.08636e-16	2.5	1
1	5.49412e-16	2.5	1
1	-6.74349e-16	2.5	1
1	1.06433e-16	2.5	1
1	-2.20194e-16	2.5	1
1	3.79326e-16	2.5	1
1	-1.07025e-16	2.5	1
1	-7.26086e-17	2.5	1
1	1.10134e-16	2.5	1
1	1.05693e-16	2.5	1
1	-4.03233e-16	2.5	1
1	-1.19164e-16	2.5	1
1	1.16425e-16	2.5	1
1	4.34615e-16	2.5	1
1	-1.29896e-16	2.5	1
1	1.21606e-16	2.5	1
1	-2.16642e-16	2.5	1
1	-9.4443e-17	2.5	1
1	-2.76075e-17	2.5	1
1	1.07914e-16	2.5	1
1	-9.16674e-16	2.5	1
1	3.01115e-15	2.5	1
1	-5.92615e-15	2.5	1
1	1.04816e-14	2.5	1
1	-1.7319e-14	2.5	1
1	2.80872e-14	2.5	1
1	-4.52996e-14	2.5	1
1	7.20222e-14	2.5	1
1	-1.13364e-13	2.5	1
1	1.76912e-13	2.5	1
1	-2.74887e-13	2.5	1
1	4.24696e-13	2.5	1
1	-6.51258e-13	2.5	1
1	9.93682e-13	2.5	1
1	-1.50803e-12	2.5	1
1	2.27518e-12	2.5	1
1	-3.41123e-12	2.5	1
1	5.08354e-12	2.5	1
1	-7.52715e-12	2.5	1
1	1.10695e-11	2.5	1
1	-1.61715e-11	2.5	1
1	2.34567e-11	2.5	1
1	-3.37711e-11	2.5	1
1	4.82455e-11	2.5	1
1	-6.83689e-11	2.5	1
1	9.60733e-11	2.5	1
1	-1.33815e-10	2.5	1
1	1.84666e-10	2.5	1
1	-2.52374e-10	2.5	1
1	3.41388e-10	2.5	1
1	-4.56836e-10	2.5	1
1	6.04374e-10	2.5	1
1	-7.89924e-10	2.5	1
1	1.01921e-09	2.5	1
1	-1.29707e-09	2.5	1
1	1.62652e-09	2.5	1
1	-2.00752e-09	2.5	1
1	2.43558e-09	2.5	1
1	-2.90025e-09	2.5	1
1	3.38361e-09	2.5	1
1	-3.85931e-09	2.5	1
1	4.29229e-09	2.5	1
1	-4.6398e-09	2.5	1
1	4.85414e-09	2.5	1
1	-4.88758e-09	2.5	1
1	4.69929e-09	2.5	1
1	-4.26408e-09	2.5	1
1	3.58175e-09	2.5	1
1	-2.68485e-09	2.5	1
1	1.64247e-09	2.5	1
1	-5.57571e-10	2.5	1
1	-4.40454e-10	2.5	1
1	1.1974e-09	2.5	1
1	-1.50984e-09	2.5	1
1	1.08853e-09	2.5	1
1	2.79555e-10	2.5	1
1	-1.70326e-09	2.5	1
1	-1.33379e-09	2.5	1
1	1.67875e-08	2.5	1
1	-3.97513e-08	2.5	1
1	-1.42809e-09	2.5	1
0.999998	2.85769e-06	2.49999	0.999997
0.999983	2.04337e-05	2.49994	0.999976
0.999888	0.000137219	2.4996	0.999839
0.999334	0.000808007	2.49762	0.999049
0.996531	0.00416614	2.48775	0.995095
0.984055	0.0189885	2.44444	0.977703
0.942763	0.070026	2.30368	0.920547
0.872391	0.158902	2.07499	0.82559
0.793565	0.267719	1.83801	0.723829
0.717001	0.381522	1.61916	0.626791
0.643789	0.497627	1.43102	0.540523
0.582162	0.613705	1.27211	0.464993
0.514428	0.725787	1.13388	0.399356
0.469972	0.84196	1.02439	0.343123
0.432058	0.910528	0.950776	0.30867
0.41986	0.941294	0.930656	0.29786
0.427368	0.933068	0.937452	0.300566
0.431238	0.916422	0.949891	0.307523
0.414941	0.922928	0.934213	0.302996
0.358082	0.929918	0.912117	0.302917
0.290391	0.929442	0.882352	0.302769
0.259839	0.925058	0.866607	0.302172
0.253802	0.929308	0.868264	0.303468
0.255192	0.927724	0.871433	0.304646
0.258359	0.902587	0.825267	0.288012
0.180939	0.448569	0.435814	0.167044
0.126868	0.022565	0.25799	0.103183
0.125191	0.00173822	0.250559	0.100223
0.125011	9.6492e-05	0.250031	0.100013
0.125001	5.50159e-06	0.250002	0.100001
0.125	-9.23825e-07	0.25	0.0999999
0.125	2.05567e-07	0.25	0.1
0.125	-1.53054e-08	0.25	0.1
0.125	-2.46451e-08	0.25	0.1
0.125	2.07883e-08	0.25	0.1
0.125	-6.22477e-09	0.25	0.1
0.125	-1.03428e-08	0.25	0.1
0.125	2.63922e-08	0.25	0.1
0.125	-4.05696e-08	0.25	0.1
0.125	5.18469e-08	0.25	0.1
0.125	-5.95927e-08	0.25	0.1
0.125	6.36516e-08	0.25	0.1
0.125	-6.42935e-08	0.25	0.1
0.125	6.20841e-08	0.25	0.1
0.125	-5.77381e-08	0.25	0.1
0.125	5.19928e-08	0.25	0.1
0.125	-4.55186e-08	0.25	0.1
0.125	3.88677e-08	0.25	0.1
0.125	-3.24531e-08	0.25	0.1
0.125	2.65528e-08	0.25	0.1
0.125	-2.13264e-08	0.25	0.1
0.125	1.68397e-08	0.25	0.1
0.125	-1.30893e-08	0.25	0.1
0.125	1.00266e-08	0.25	0.1
0.125	-7.57651e-09	0.25	0.1
0.125	5.65255e-09	0.25	0.1
0.125	-4.1669e-09	0.25	0.1
0.125	3.03722e-09	0.25	0.1
0.125	-2.1903e-09	0.25	0.1
0.125	1.56365e-09	0.25	0.1
0.125	-1.10562e-09	0.25	0.1
0.125	7.74657e-10	0.25	0.1
0.125	-5.38063e-10	0.25	0.1
0.125	3.70636e-10	0.25	0.1
0.125	-2.53285e-10	0.25	0.1
0.125	1.71778e-10	0.25	0.1
0.125	-1.15653e-10	0.25	0.1
0.125	7.73223e-11	0.25	0.1
0.125	-5.13481e-11	0.25	0.1
0.125	3.38785e-11	0.25	0.1
0.125	-2.22125e-11	0.25	0.1
0.125	1.44761e-11	0.25	0.1
0.125	-9.38051e-12	0.25	0.1
0.125	6.04365e-12	0.25	0.1
0.125	-3.87264e-12	0.25	0.1
0.125	2.46853e-12	0.25	0.1
0.125	-1.56467e-12	0.25	0.1
0.125	9.87646e-13	0.25	0.1
0.125	-6.20142e-13	0.25	0.1
0.125	3.87931e-13	0.25	0.1
0.125	-2.41162e-13	0.25	0.1
0.125	1.48401e-13	0.25	0.1
0.125	-9.16179e-14	0.25	0.1
0.125	5.5368e-14	0.25	0.1
0.125	-3.42033e-14	0.25	0.1
0.125	2.05592e-14	0.25	0.1
0.125	-1.19703e-14	0.25	0.1
0.125	6.67126e-15	0.25	0.1
0.125	-3.27042e-15	0.25	0.1
0.125	9.86322e-16	0.25	0.1
0.125	-1.06907e-15	0.25	0.1
0.125	4.12263e-16	0.25	0.1
0.125	-8.32519e-16	0.25	0.1
0.125	8.44436e-16	0.25	0.1
0.125	1.108e-16	0.25	0.1
0.125	2.99612e-16	0.25	0.1
0.125	-5.54519e-16	0.25	0.1
0.125	4.0908e-16	0.25	0.1
0.125	1.64979e-16	0.25	0.1
0.125	2.03615e-16	0.25	0.1
0.125	-9.61157e-16	0.25	0.1
0.125	2.60532e-16	0.25	0.1
0.125	2.16123e-16	0.25	0.1
0.125	-8.25266e-17	0.25	0.1
0.125	4.98638e-16	0.25	0.1
0.125	-3.99458e-16	0.25	0.1
0.125	1.72381e-16	0.25	0.1
0.125	-9.06238e-16	0.25	0.1
0.125	9.00243e-16	0.25	0.1
0.125	-1.31828e-15	0.25	0.1
0.125	1.16477e-15	0.25	0.1
0.125	-1.28934e-15	0.25	0.1
0.125	0	0.25	0.1
0.125	0	0.25	0.1
0.125	0	0.25	0.1
